225 #Width Height
200 #Generations
118 45
145 152
134 182
143 74
129 134
166 53
126 3
126 150
215 129
73 115
107 174
178 64
163 121
64 84
174 65
58 123
184 73
67 146
52 144
15 79
82 118
36 137
30 15
133 103
45 181
75 30
63 152
7 30
26 84
111 218
122 115
128 26
182 162
7 166
207 47
143 6
133 210
159 76
148 144
83 169
127 86
125 136
184 169
129 119
199 160
46 71
156 143
136 53
99 204
128 31
57 170
24 137
176 120
16 128
105 12
213 186
52 79
179 106
109 119
142 82
217 92
218 221
201 105
130 78
56 101
15 193
84 39
140 66
84 118
150 202
13 208
156 76
63 132
161 177
156 20
94 39
223 26
23 20
96 136
196 113
129 2
57 3
211 132
188 219
144 106
25 79
209 104
118 176
68 53
50 157
196 159
185 69
111 39
186 33
0 104
166 38
65 207
24 15
197 168
12 191
107 151
176 162
162 185
10 182
126 127
94 78
145 85
11 100
216 15
189 86
57 191
135 3
185 167
219 146
40 139
48 101
108 190
54 196
134 82
212 16
89 22
97 132
131 65
211 192
105 102
166 98
219 163
139 81
123 165
38 13
35 138
168 133
199 54
93 39
97 101
71 192
159 118
100 16
169 183
169 219
137 170
144 36
79 2
60 116
66 21
169 46
123 66
85 170
96 10
113 144
108 24
203 49
38 115
23 45
99 43
50 73
67 196
38 173
209 1
165 47
219 53
16 157
181 77
175 178
182 109
5 61
18 46
186 173
83 200
65 28
127 122
111 205
134 160
11 145
63 27
23 23
85 26
45 167
166 65
168 72
201 196
95 60
9 110
213 39
71 116
41 17
180 182
168 28
72 176
10 183
39 195
203 116
25 27
46 151
104 133
73 70
40 175
34 176
106 197
63 72
3 1
25 52
185 107
59 6
132 174
6 115
72 64
135 8
156 71
139 135
61 171
146 165
45 218
99 216
39 85
49 127
45 173
195 149
189 118
51 194
200 53
186 62
102 152
191 101
23 216
19 44
131 174
78 56
105 173
126 21
120 46
199 24
76 53
120 133
52 87
104 65
208 192
60 177
23 109
102 150
175 174
84 84
124 183
99 165
29 182
75 82
211 35
214 143
57 134
117 181
57 158
26 164
208 92
148 151
156 66
0 198
27 186
50 212
189 2
180 47
184 4
86 154
188 223
209 121
130 6
115 150
58 52
82 68
14 62
13 19
128 22
71 107
197 66
79 181
134 189
154 153
78 97
69 21
157 161
164 13
69 170
177 33
4 212
140 16
92 130
199 19
69 172
201 34
192 16
171 39
142 29
125 26
223 163
217 85
23 51
164 124
84 191
38 126
206 128
135 222
82 168
117 215
69 86
203 14
97 36
68 187
138 8
34 183
113 70
17 157
20 148
124 35
162 92
35 202
150 147
122 168
216 39
5 142
202 11
114 142
153 86
140 120
17 61
21 89
107 116
106 57
72 28
101 125
212 79
156 103
56 9
89 99
74 114
91 184
198 200
67 169
111 79
143 138
112 177
185 202
193 217
157 182
171 82
93 162
186 101
146 96
128 200
21 200
149 143
188 127
191 105
198 44
185 196
30 137
80 158
22 193
173 109
5 40
127 218
112 128
219 142
173 44
130 50
45 138
164 89
50 53
35 95
190 194
157 142
140 41
123 189
222 80
56 220
102 188
79 201
91 31
107 45
97 214
150 138
53 160
222 5
192 109
219 74
96 190
218 53
143 95
34 125
171 111
136 204
120 129
69 68
100 190
176 76
216 171
68 3
12 222
154 193
36 107
193 27
76 166
125 156
199 46
190 119
169 119
182 38
30 32
162 65
213 167
170 139
50 217
205 95
113 176
35 145
177 145
69 204
70 76
168 219
118 106
55 10
23 129
208 194
209 115
51 214
28 97
115 200
175 146
113 121
155 180
162 130
8 29
187 118
177 93
115 94
42 82
6 65
22 130
79 189
68 54
139 64
92 11
222 19
15 57
1 143
157 131
42 136
219 89
48 132
79 7
98 20
85 47
46 62
137 216
39 37
148 187
201 91
222 193
83 0
148 172
3 66
169 191
81 34
45 163
173 222
169 144
70 96
2 34
123 171
52 33
86 205
158 118
94 130
11 125
89 167
188 34
219 145
114 60
47 133
204 137
34 31
161 79
64 57
36 3
107 40
123 153
11 4
32 63
193 212
91 53
124 182
61 34
143 126
154 176
60 74
143 159
5 71
84 14
67 56
52 110
72 205
43 210
95 101
128 147
109 185
77 30
42 86
12 66
114 64
172 15
183 25
85 147
175 24
110 21
169 172
4 56
98 24
187 18
86 193
81 87
212 192
153 64
97 51
43 212
84 112
220 132
179 53
26 13
112 13
121 99
130 80
83 16
102 22
140 41
3 199
209 100
209 98
193 101
128 107
34 182
177 199
200 177
114 70
44 2
52 48
32 45
215 5
19 185
64 187
171 53
69 26
52 173
213 96
139 135
180 14
110 182
179 7
116 177
141 34
85 203
137 22
69 112
144 119
156 3
55 135
27 172
74 192
50 122
2 92
163 177
19 150
179 109
188 43
26 157
107 93
117 113
154 10
6 105
81 23
217 39
143 121
140 51
43 108
115 54
162 147
216 99
97 172
64 201
29 54
5 185
195 191
216 200
144 112
205 200
12 179
59 223
174 92
222 109
162 208
167 112
25 204
26 23
164 4
202 152
203 222
216 74
92 31
91 200
108 191
103 221
79 38
81 116
2 211
136 54
167 186
103 144
181 43
203 123
45 125
185 185
141 4
158 60
71 141
175 201
112 209
215 148
183 166
16 215
20 19
110 204
57 6
21 53
45 87
60 70
76 197
32 48
130 158
101 146
55 2
126 161
109 132
14 137
188 139
199 32
104 137
36 187
123 141
195 34
205 80
199 22
52 179
205 25
105 122
195 128
53 23
37 138
147 192
18 76
113 194
117 66
134 18
149 92
19 195
214 150
127 48
180 85
97 179
141 84
113 72
205 2
183 191
21 155
209 145
152 188
80 103
167 44
167 122
169 184
163 163
70 58
163 11
172 127
209 14
53 143
92 195
13 90
77 175
122 55
31 223
53 82
213 137
179 120
160 44
162 142
29 120
13 54
201 55
138 165
84 53
139 80
194 19
123 99
90 76
181 76
218 93
168 6
44 123
180 39
26 221
155 215
140 127
217 70
111 88
215 150
78 54
96 197
199 13
91 200
82 180
76 121
3 193
21 167
166 95
196 95
163 71
19 167
89 51
73 87
66 48
94 147
81 197
215 149
26 49
75 134
42 15
134 120
44 161
115 131
90 162
66 215
19 186
60 83
149 109
205 127
32 161
86 97
120 42
95 33
28 130
50 66
147 65
128 61
51 87
98 136
25 118
91 181
56 46
118 196
193 26
182 217
93 94
7 8
11 200
183 71
194 66
59 172
37 81
44 22
42 131
110 189
76 71
107 216
21 140
223 3
50 74
56 15
206 126
194 196
61 152
145 62
71 67
149 44
39 145
32 65
18 117
70 166
204 152
206 75
102 61
0 41
182 159
207 55
55 73
97 61
48 172
147 134
67 216
40 184
203 0
62 85
85 197
193 142
49 53
60 100
96 43
125 204
139 196
144 61
105 138
51 179
221 68
126 165
142 95
167 119
212 156
164 189
55 79
162 140
72 41
65 26
59 180
223 185
132 103
97 66
204 86
123 39
118 109
60 68
47 210
80 160
151 148
11 116
72 202
69 38
74 28
170 68
115 124
167 4
53 124
88 104
85 194
82 203
164 108
148 205
119 18
197 188
76 183
37 93
3 215
216 43
107 57
215 213
218 78
82 46
188 184
14 126
113 161
31 172
101 47
197 27
13 213
10 164
101 121
165 43
95 184
71 201
27 2
116 72
41 186
136 44
130 98
78 205
52 188
167 98
154 26
124 219
145 2
118 132
63 178
77 167
87 28
51 12
27 129
82 69
111 204
115 44
38 204
218 51
53 91
120 130
20 36
122 213
100 176
176 101
56 98
160 151
169 172
183 156
59 9
58 182
153 147
204 15
149 160
170 125
150 98
211 76
159 76
213 127
84 157
89 210
180 184
16 172
125 156
152 59
199 120
192 178
172 58
168 153
4 167
13 188
124 114
157 161
25 171
152 56
221 104
184 223
68 89
103 165
115 148
52 136
129 121
124 187
56 148
57 208
139 188
212 92
119 80
69 74
141 148
44 176
115 205
34 45
162 65
19 19
40 153
85 168
37 67
140 111
88 93
81 27
170 28
128 45
218 110
83 144
66 44
29 115
38 65
107 109
107 204
0 47
52 62
214 24
218 29
106 45
183 152
223 70
65 96
159 37
127 178
179 134
209 168
131 59
42 185
45 204
187 90
126 170
194 64
163 199
212 203
220 114
67 99
50 223
153 90
216 51
69 63
185 195
147 124
145 100
215 33
164 55
118 11
23 19
182 218
172 119
214 119
181 221
112 17
178 176
211 7
213 81
107 36
118 165
63 39
74 110
42 124
208 156
146 130
167 131
113 56
164 47
212 177
79 133
83 54
94 170
50 34
83 22
97 207
173 69
2 72
153 210
101 71
165 170
83 17
113 43
101 141
113 68
205 6
149 51
175 47
97 7
89 37
206 170
206 158
209 37
182 60
123 98
105 130
66 100
41 108
212 102
82 183
85 75
146 184
29 215
194 134
58 56
55 222
22 52
134 23
119 12
37 31
116 82
39 102
220 167
17 128
184 9
89 103
221 43
30 121
154 9
34 27
190 62
160 33
166 184
63 42
47 133
185 142
31 219
201 182
118 101
115 57
191 14
216 58
61 90
113 128
190 0
61 217
126 204
127 66
79 125
220 197
82 121
136 26
110 171
222 215
207 94
99 42
219 97
16 123
74 191
186 57
14 113
169 83
32 151
162 107
64 31
185 92
46 100
122 65
2 186
186 220
109 145
152 52
43 196
45 13
83 77
136 134
161 214
11 31
24 92
77 172
154 28
118 68
166 125
12 208
172 8
123 73
223 155
115 200
14 14
143 38
46 173
166 106
92 76
130 101
160 212
217 34
141 216
114 164
209 16
219 156
113 208
135 145
16 107
195 133
89 77
44 167
86 192
74 0
26 185
118 207
54 162
209 49
164 116
108 214
126 4
74 126
103 94
215 8
204 142
149 128
221 136
100 135
93 200
92 87
50 175
208 1
204 210
74 116
156 25
95 183
128 111
95 185
113 222
199 209
149 77
78 141
119 6
16 147
93 209
30 32
145 7
164 98
12 213
113 68
142 38
167 67
31 48
1 210
165 125
106 67
192 11
202 178
58 202
68 54
149 74
3 153
200 118
57 197
181 67
99 165
198 212
179 88
157 6
182 41
137 86
50 80
48 51
203 223
93 66
58 51
173 157
80 96
154 114
180 70
165 77
58 24
139 99
38 42
125 22
181 63
196 24
138 130
76 158
131 78
99 153
102 173
112 50
189 0
180 90
7 130
51 6
150 21
52 104
43 192
182 90
52 39
152 169
208 211
99 75
221 21
25 59
1 167
216 151
43 97
210 152
2 110
100 152
10 131
209 124
23 208
76 86
44 115
47 100
93 189
122 181
48 46
144 156
128 204
185 206
46 34
190 12
88 160
14 109
39 93
33 72
108 23
9 29
142 66
183 105
58 220
17 41
130 26
53 71
183 108
197 120
19 150
75 164
70 215
145 205
64 8
139 51
184 149
105 201
8 38
185 202
6 50
119 194
123 140
23 216
222 214
54 209
199 221
128 156
3 60
47 191
56 172
111 192
9 206
145 153
33 171
125 171
113 183
160 18
184 117
107 188
22 121
176 95
10 74
62 174
57 110
41 155
213 209
170 100
110 206
167 186
197 143
127 86
41 151
59 111
61 110
98 189
203 197
190 197
213 36
222 188
119 12
45 128
155 72
28 36
71 48
74 111
61 64
172 111
32 174
222 21
9 198
167 111
127 218
94 208
16 37
78 11
149 78
92 150
88 102
212 5
84 55
181 152
152 81
198 39
21 25
145 180
0 70
2 38
23 182
202 110
57 41
216 135
117 220
55 189
66 204
187 91
193 162
220 24
10 147
10 182
212 220
58 175
216 220
172 187
21 23
144 157
89 69
2 4
5 55
167 50
185 24
3 206
99 166
133 76
114 99
143 151
138 44
148 139
102 97
168 153
30 172
198 17
112 90
28 156
75 80
17 84
107 95
202 114
81 87
0 201
179 162
103 136
55 31
21 50
176 217
31 181
168 2
202 171
53 25
44 45
178 83
97 82
148 114
38 145
128 4
104 179
223 193
86 219
117 140
192 145
191 173
24 149
119 119
92 90
157 150
156 110
145 143
35 98
183 117
145 162
192 43
189 140
102 66
154 146
197 169
223 57
98 82
83 137
155 194
82 64
85 26
148 78
82 209
21 110
37 112
17 171
133 17
118 87
219 136
17 200
189 89
19 4
213 47
95 124
9 82
223 39
133 84
107 80
133 37
38 60
142 147
84 41
12 206
73 193
135 123
106 171
167 180
40 190
192 4
207 149
82 98
99 189
196 33
131 74
28 19
79 137
69 85
89 118
165 189
151 125
37 95
18 138
76 31
38 64
60 47
107 171
47 145
101 165
108 148
42 65
194 47
81 1
34 87
149 85
138 49
185 84
153 189
156 176
91 88
168 41
10 210
57 134
65 165
190 82
216 194
198 110
0 141
177 182
62 87
10 51
78 33
26 109
89 190
89 150
65 89
140 174
212 107
61 32
196 55
13 151
174 206
59 207
21 111
175 207
60 90
48 188
29 116
76 30
75 181
62 180
138 138
212 116
113 151
179 7
160 18
70 155
11 2
218 187
157 78
192 160
215 205
47 192
82 59
1 166
121 81
162 215
13 222
180 0
221 122
143 217
177 178
151 60
111 210
139 111
147 222
37 151
42 208
197 157
143 67
32 69
186 85
189 162
174 17
143 19
11 178
171 11
147 186
7 100
201 84
3 38
139 50
11 96
65 201
80 173
74 196
94 19
131 18
125 60
83 204
124 15
19 211
66 196
128 205
137 127
192 84
114 196
3 8
145 168
42 76
8 9
205 112
21 1
64 61
19 85
52 117
206 35
167 147
12 9
33 147
100 62
46 166
74 162
209 91
76 8
19 127
124 127
29 44
145 208
182 52
13 118
172 48
89 149
43 146
110 179
29 94
141 140
128 105
23 24
138 193
4 3
24 73
73 143
174 71
54 213
44 86
170 16
181 41
51 152
222 209
131 182
61 129
79 150
0 37
54 196
175 164
21 5
53 36
140 63
37 219
41 55
219 5
8 174
34 190
70 160
57 135
202 95
82 127
13 159
147 209
40 206
17 132
163 136
155 142
161 196
176 195
181 100
169 86
39 187
168 59
162 112
175 72
133 48
139 72
218 113
80 70
131 53
204 171
48 24
160 147
89 144
80 105
11 126
160 58
141 99
156 61
199 169
195 185
70 206
122 133
59 31
11 86
84 125
135 85
130 167
190 222
188 13
83 7
148 118
93 199
96 170
25 128
112 191
100 127
199 169
71 200
193 138
193 118
29 204
203 182
87 111
15 82
111 3
184 3
122 36
217 91
47 175
177 188
39 163
137 135
59 106
65 196
120 216
135 13
202 9
73 17
175 52
195 209
186 74
217 221
95 178
143 193
106 73
85 174
208 176
186 64
59 172
176 172
218 44
221 67
11 189
209 92
122 219
96 91
183 125
64 122
128 42
35 217
59 110
195 118
4 36
113 190
188 7
94 113
28 25
169 8
116 62
221 65
132 44
4 167
155 191
38 65
204 9
44 72
35 144
44 14
28 217
67 32
207 211
62 77
83 93
193 41
211 52
93 41
166 40
42 33
70 5
20 147
44 124
25 131
96 88
169 138
28 53
141 183
186 51
219 117
32 51
148 0
154 29
64 159
210 74
23 208
1 82
69 123
33 90
191 106
19 53
22 11
23 220
16 28
55 147
81 205
141 192
127 150
53 190
172 10
5 179
21 17
74 188
151 91
6 33
143 25
72 179
196 67
53 208
61 179
97 137
46 182
183 99
2 212
213 170
179 104
110 138
193 2
209 40
148 6
202 205
66 189
66 103
144 79
1 137
172 80
83 201
12 115
218 216
37 162
161 218
126 104
127 47
100 9
117 125
11 85
24 30
100 151
25 124
15 154
197 121
169 88
148 148
110 212
17 223
53 205
93 170
39 128
71 19
172 110
119 171
179 15
184 23
94 25
34 122
54 181
67 214
141 197
66 143
52 202
186 84
221 55
116 177
89 157
210 29
72 190
4 220
106 19
98 146
217 23
192 212
95 6
43 197
204 17
149 131
173 124
188 123
168 217
176 97
7 221
6 177
59 6
15 0
8 144
18 217
167 155
58 95
51 190
92 39
190 59
159 202
74 203
146 48
159 130
87 61
133 135
152 96
60 155
65 162
72 34
24 123
10 50
71 109
48 80
78 183
140 114
91 37
122 21
82 62
178 68
155 193
170 216
101 134
80 30
107 39
145 14
173 61
183 60
86 2
64 28
162 87
96 151
123 165
217 111
155 221
12 143
212 125
27 74
107 187
168 146
74 59
111 139
153 61
156 178
67 66
28 218
144 196
176 53
119 22
27 57
173 211
21 164
202 186
59 223
159 164
66 116
95 199
194 59
84 161
138 71
215 175
22 204
86 28
89 200
122 160
8 215
87 106
22 50
201 31
6 57
121 219
57 69
0 132
220 189
187 71
197 41
159 84
68 92
67 35
65 21
184 124
140 35
82 122
164 140
168 111
77 26
175 97
104 156
217 15
199 145
209 186
95 68
182 193
58 39
84 92
197 0
145 181
63 100
3 8
147 48
126 148
65 175
206 129
42 80
87 55
1 108
21 158
40 111
188 94
198 112
219 200
33 175
197 13
104 2
199 66
6 121
57 109
65 200
39 139
130 159
17 46
156 83
148 22
185 146
18 198
195 0
105 119
101 37
8 101
56 147
32 136
166 189
212 158
196 71
61 189
100 131
175 19
213 87
74 184
218 65
163 3
135 169
154 157
195 184
202 104
163 169
141 16
95 126
199 216
81 26
14 152
150 212
75 57
26 192
5 110
137 128
71 81
112 130
117 89
138 176
183 162
96 81
138 71
111 50
89 100
94 102
166 222
223 76
88 149
174 52
44 151
84 166
180 151
168 137
220 17
152 82
58 183
59 4
28 97
33 42
128 132
116 77
55 142
140 72
152 134
223 218
64 141
77 189
191 124
58 138
121 223
61 55
127 44
49 57
221 10
150 15
79 10
169 184
115 54
97 207
93 105
5 76
57 22
111 148
139 60
156 85
169 73
14 217
140 154
185 19
127 21
21 9
171 152
4 61
92 103
218 4
110 154
146 79
170 196
58 36
4 7
179 141
141 3
32 208
4 152
154 71
156 24
54 90
114 168
211 156
64 163
68 180
110 63
130 50
3 180
50 82
178 206
140 170
65 158
72 109
132 7
32 119
175 5
13 42
146 171
214 214
162 37
157 100
8 115
198 25
9 169
215 133
121 74
150 88
92 0
61 167
70 61
98 42
36 81
218 18
13 139
135 218
13 222
28 167
98 136
94 76
87 44
23 95
64 201
187 102
206 9
158 89
170 65
56 206
169 144
57 92
214 15
2 1
133 111
129 172
72 33
102 156
120 40
188 194
8 177
32 180
73 47
97 17
185 105
12 112
61 180
168 172
127 99
183 164
39 202
109 94
19 171
46 111
216 69
99 183
44 44
67 98
202 103
160 25
205 178
156 115
197 121
27 34
81 83
43 82
24 39
61 133
11 1
54 26
97 176
6 158
72 164
60 19
159 189
159 34
186 119
62 125
88 92
166 165
205 101
179 82
115 180
9 188
5 99
69 171
132 122
107 191
111 54
53 40
0 63
142 192
198 182
195 157
39 166
57 191
18 150
37 1
84 112
125 64
59 1
121 125
38 100
217 12
172 38
101 187
57 105
63 122
101 104
70 162
142 171
48 16
169 126
62 199
6 44
47 118
75 128
150 3
19 172
201 160
153 161
73 190
98 184
127 214
104 92
20 214
59 204
111 59
75 137
118 93
82 13
221 134
74 15
151 205
48 192
22 181
24 219
108 177
104 134
198 177
38 213
194 56
137 108
124 108
103 123
74 168
171 64
51 200
156 155
161 98
10 119
86 29
113 114
89 100
88 97
27 47
106 60
185 115
194 136
200 119
135 156
106 145
205 63
173 118
187 168
51 56
36 115
206 152
149 4
0 71
105 169
171 185
43 44
94 134
208 13
131 159
184 10
216 20
130 66
87 145
195 147
202 87
180 8
222 192
26 199
131 222
217 11
44 174
201 100
130 43
181 215
41 170
104 58
169 183
5 122
29 53
100 43
15 13
199 204
121 132
127 71
169 94
168 3
180 223
80 130
2 43
170 159
111 181
194 120
23 159
180 20
23 12
174 203
144 154
108 193
115 215
149 73
64 30
31 38
38 125
147 217
36 97
61 115
92 32
209 79
154 190
54 77
146 93
191 110
212 158
63 223
153 149
116 31
6 181
102 137
70 34
24 193
53 190
223 162
194 187
112 31
123 100
85 197
42 170
60 205
146 172
154 167
83 183
108 49
94 158
150 24
71 5
50 165
88 121
115 220
19 126
42 44
216 185
58 47
137 71
44 92
13 137
72 220
5 85
173 47
73 60
201 189
68 217
146 222
222 129
41 132
26 169
51 10
116 137
159 171
14 111
62 61
93 22
79 159
47 77
205 2
216 217
144 34
140 134
91 24
29 180
162 88
143 52
27 168
132 172
2 165
40 130
147 183
215 107
92 93
19 11
4 108
158 28
24 192
81 86
173 120
62 178
33 191
130 75
20 217
0 78
38 106
184 95
118 36
59 120
68 128
135 211
34 186
107 206
176 144
120 219
189 102
69 133
187 52
88 54
213 161
173 5
10 206
79 186
19 102
73 108
114 72
25 53
96 87
35 137
181 205
100 134
144 151
173 24
117 193
21 203
145 110
84 87
183 183
115 186
154 42
178 200
151 80
81 62
37 173
67 69
37 65
114 168
212 81
144 30
130 122
149 61
157 8
200 121
42 129
154 90
122 113
181 74
98 129
204 25
147 123
153 210
216 62
163 191
46 171
155 198
124 72
133 32
162 110
158 21
78 138
56 88
12 180
3 103
154 165
121 171
206 188
110 18
150 157
145 67
144 5
38 103
93 191
132 36
166 45
89 72
32 121
205 190
123 71
17 53
104 109
98 44
191 151
125 166
218 45
6 85
202 203
135 206
15 94
207 85
85 134
158 217
196 38
155 132
23 53
145 134
102 148
39 49
161 80
77 174
218 174
76 129
190 181
15 189
63 85
201 153
165 219
181 72
71 33
153 67
161 97
37 8
197 57
142 73
126 13
146 133
182 199
155 151
77 170
21 194
110 131
10 90
158 143
7 76
9 124
54 130
123 107
14 106
126 65
90 221
54 109
112 5
170 73
171 103
34 211
60 219
43 201
151 126
41 124
220 210
199 37
63 136
148 185
26 189
126 47
205 170
46 56
23 32
165 18
172 87
156 28
165 6
184 114
136 64
84 201
83 194
121 6
194 47
94 152
31 67
67 160
138 22
184 52
115 175
191 124
203 124
98 188
37 17
218 132
200 218
139 61
50 207
8 164
119 46
25 53
188 223
18 20
90 12
74 54
83 208
123 164
61 104
104 61
74 108
209 155
34 5
146 189
140 206
127 1
187 27
93 111
12 94
99 177
157 144
139 20
108 69
45 34
183 19
25 176
189 44
44 39
50 53
61 120
87 32
145 51
212 207
186 94
80 11
134 83
168 57
163 27
80 130
145 55
210 58
31 25
173 50
116 192
97 30
29 16
4 186
165 109
125 61
129 39
76 212
76 28
162 219
82 27
25 131
4 126
105 176
56 36
88 177
156 215
8 215
222 69
166 162
165 209
170 23
136 169
61 162
193 193
89 84
29 81
146 26
78 179
123 186
59 147
77 14
84 50
212 210
119 126
81 72
157 214
69 163
198 64
69 89
139 168
150 192
117 39
107 148
203 153
69 206
100 97
221 34
9 113
157 218
144 166
94 1
26 169
6 120
37 11
169 65
59 9
3 147
65 138
118 31
20 126
49 7
130 116
115 142
157 177
135 59
17 23
57 205
14 180
34 217
61 18
38 77
205 86
141 127
106 28
14 222
99 140
12 103
49 135
61 52
218 0
19 145
143 117
216 154
185 201
187 210
72 222
39 144
186 89
193 149
27 147
40 188
157 187
199 210
191 177
212 177
185 113
101 223
179 86
8 81
0 58
188 180
88 132
114 6
29 195
56 210
209 154
117 38
202 121
104 145
188 185
57 20
156 177
24 168
195 120
41 133
100 74
63 5
29 179
105 216
108 53
28 201
191 59
0 2
9 155
89 192
11 10
180 7
185 159
163 54
170 172
18 156
22 15
82 44
194 149
183 43
100 70
90 129
31 90
186 43
187 42
121 117
150 181
42 197
16 149
37 122
183 187
96 97
104 200
138 128
44 124
55 46
118 153
30 187
153 57
196 200
30 124
61 17
1 98
14 169
49 144
20 134
121 9
19 71
175 104
153 72
15 187
94 206
40 27
27 212
48 64
100 180
68 81
189 210
107 222
121 208
77 27
60 63
152 175
38 151
38 101
166 156
119 67
144 198
106 178
129 84
197 81
170 109
50 127
191 49
221 162
104 161
38 95
91 205
154 42
25 72
211 220
175 218
134 134
100 203
171 7
139 145
19 172
129 160
111 154
203 207
62 6
2 41
0 99
87 101
91 87
107 92
157 126
87 5
95 20
16 158
118 164
102 162
165 183
149 107
222 176
33 152
39 13
201 123
144 123
161 100
75 160
219 124
110 104
58 83
215 40
141 142
77 99
127 106
56 151
10 129
7 183
195 179
116 13
111 180
11 42
137 89
0 138
12 213
178 190
207 72
102 84
48 14
24 34
36 121
18 177
109 193
129 13
107 206
148 209
70 175
127 211
65 104
0 129
188 158
98 117
41 167
34 112
60 112
169 31
76 61
24 104
65 197
177 200
109 126
82 193
131 177
194 53
59 7
92 21
51 216
116 194
56 146
24 72
207 121
67 10
41 65
70 72
156 3
108 119
172 74
182 103
70 176
104 172
184 47
135 44
128 28
153 146
133 182
212 127
14 216
126 35
182 195
135 28
186 125
63 26
11 33
149 90
137 11
45 206
153 149
109 183
147 218
148 184
34 223
52 151
189 216
13 36
25 35
221 130
64 202
76 61
106 130
16 138
140 29
66 39
127 67
100 186
146 174
223 68
72 119
103 18
123 77
51 185
51 50
185 9
201 65
129 34
76 147
146 183
31 38
70 71
167 102
208 213
71 38
164 171
40 78
109 33
162 180
141 19
74 28
142 197
162 100
42 14
35 177
141 161
186 35
94 214
55 129
138 66
147 12
83 127
30 29
119 83
99 137
69 3
35 178
3 73
40 110
69 15
25 119
109 187
69 92
13 51
200 32
47 158
137 158
68 143
79 145
178 207
9 77
134 41
52 28
203 23
120 47
95 188
192 8
43 113
46 14
212 179
200 184
50 119
190 188
166 181
155 64
223 205
214 106
113 168
155 102
10 164
105 23
198 78
91 177
97 50
190 50
51 167
113 180
49 14
15 156
123 199
96 97
214 169
115 102
15 91
94 66
19 91
62 39
176 140
184 38
3 77
35 84
170 164
196 128
208 108
1 210
119 188
205 189
88 57
119 143
19 30
120 107
114 180
133 186
58 22
138 41
167 210
211 24
7 68
111 26
68 27
21 137
198 15
173 42
65 182
129 111
2 106
170 175
204 95
92 150
44 153
59 135
179 48
21 84
184 90
218 112
24 7
160 127
164 53
146 49
62 33
59 78
42 103
74 102
37 82
161 197
215 144
220 141
121 169
208 130
74 146
26 194
0 37
12 177
1 17
200 170
70 10
137 108
85 189
98 91
191 141
188 36
158 192
126 48
114 196
43 8
84 213
70 223
106 27
95 134
18 153
217 49
71 17
29 25
141 172
88 86
202 142
37 59
204 218
150 207
201 4
159 149
12 129
112 191
72 36
74 66
209 163
148 209
91 167
19 160
180 124
72 107
207 132
38 66
141 37
206 20
146 181
175 160
60 90
154 207
131 148
153 110
35 183
174 88
126 145
164 116
222 197
38 106
218 120
75 21
99 182
63 117
81 113
201 130
137 189
98 151
12 174
215 222
141 16
187 41
209 151
145 34
41 173
13 54
53 47
72 134
179 19
21 100
21 0
178 20
62 178
21 84
160 4
139 135
77 145
189 183
85 34
215 211
75 120
207 141
92 86
66 174
101 160
70 42
45 150
85 62
130 92
184 162
111 155
215 18
212 111
124 39
162 151
115 208
172 182
37 161
209 160
32 30
15 48
93 197
23 103
46 165
64 155
66 161
92 126
146 192
101 157
14 183
212 197
213 11
174 151
32 51
156 93
58 91
114 198
191 200
5 44
54 195
183 128
131 110
45 117
184 104
222 117
213 164
17 144
60 213
76 157
184 107
4 126
203 48
84 166
74 100
84 25
126 153
72 12
128 215
170 54
149 58
130 174
221 173
160 222
11 216
99 219
201 97
150 15
42 35
108 153
33 83
88 121
204 30
79 95
59 141
173 19
118 184
6 131
167 133
120 170
108 169
172 147
16 14
9 151
125 61
23 115
31 97
171 70
204 58
4 82
128 58
136 114
36 96
69 39
137 72
46 104
91 85
59 53
29 45
45 99
192 101
77 137
193 136
200 20
34 13
42 94
202 34
61 175
20 49
102 143
16 117
116 198
146 23
49 122
119 6
36 91
204 210
214 122
14 76
97 214
113 88
89 147
199 56
78 133
105 82
42 24
95 90
18 95
136 28
113 19
2 40
215 130
49 133
74 48
86 48
187 67
133 83
176 163
215 190
57 222
107 191
85 99
117 206
139 191
162 4
31 159
187 196
138 182
4 57
59 213
166 43
122 119
105 27
37 9
150 4
157 27
84 195
28 188
190 221
142 120
190 74
66 116
194 165
20 58
70 38
201 122
223 55
215 179
68 2
197 218
67 60
118 18
188 95
119 82
213 61
168 36
67 108
65 213
183 79
149 67
43 179
120 0
130 198
147 123
31 35
57 6
199 69
216 67
163 202
175 60
157 174
150 119
18 137
85 202
64 6
117 125
192 31
189 91
179 132
33 74
45 92
156 181
147 68
132 34
54 5
119 84
24 184
105 190
195 97
192 45
84 75
5 84
44 84
128 101
126 50
112 125
105 12
80 205
126 116
15 17
79 182
31 36
72 185
49 24
68 5
113 148
64 83
5 54
163 156
90 214
175 114
184 59
118 105
126 6
96 27
26 106
94 30
81 178
184 16
32 62
144 28
97 21
168 223
18 70
77 188
79 217
114 96
213 187
80 191
111 209
109 56
188 57
202 163
159 180
100 139
107 77
204 222
211 19
189 155
68 81
69 179
5 174
58 163
93 10
200 65
181 61
89 210
185 160
33 33
156 141
184 86
219 179
163 142
59 85
159 142
158 132
146 174
12 173
44 57
148 133
209 192
35 40
124 97
192 222
105 186
12 26
66 84
114 149
182 223
134 132
95 209
87 45
101 80
141 179
34 2
214 75
93 90
203 64
59 184
79 42
40 81
96 177
178 69
31 128
168 155
222 52
144 52
125 89
10 196
163 72
20 155
149 80
116 104
24 46
51 205
158 149
193 72
76 142
107 36
140 186
185 154
223 208
26 117
192 116
121 27
211 183
12 109
186 103
66 70
127 210
214 218
196 197
192 77
0 98
100 84
23 210
139 136
100 22
42 196
0 27
201 1
120 62
149 3
47 24
127 33
143 150
168 112
31 223
117 219
201 186
66 189
102 184
7 94
118 33
2 64
146 45
19 119
160 201
205 71
223 142
42 145
59 21
76 109
66 199
134 205
173 170
158 192
78 223
48 70
30 181
202 144
8 42
3 87
180 221
66 83
105 115
16 1
44 72
36 47
205 19
133 206
195 194
172 141
52 211
113 68
72 85
75 49
40 218
35 23
60 41
29 149
220 71
53 140
166 151
63 55
66 19
179 159
131 205
56 25
38 223
190 73
156 67
120 123
28 182
24 56
9 62
215 99
165 2
100 36
0 220
32 160
141 165
36 0
55 100
16 117
107 98
111 81
101 113
50 132
136 82
121 69
172 188
99 91
36 48
115 189
221 146
2 212
173 14
205 31
22 158
5 41
217 82
217 11
61 46
77 50
72 5
66 107
124 141
57 74
46 35
202 53
216 159
92 76
136 47
174 71
178 118
30 83
109 73
107 73
99 67
185 92
144 22
67 204
43 201
11 28
73 110
35 133
208 184
5 70
155 159
175 171
181 27
11 44
188 34
12 19
35 168
198 77
197 1
91 24
61 184
41 162
208 73
18 83
126 220
92 46
155 4
222 76
60 209
156 92
107 203
163 35
14 143
113 188
140 59
213 158
70 218
187 195
121 144
180 39
211 31
119 112
90 7
122 70
7 174
53 201
79 0
34 62
65 33
43 21
196 30
58 97
95 146
41 192
22 197
36 54
149 62
81 46
203 35
72 82
118 105
171 182
218 152
47 5
205 11
177 128
51 52
153 93
135 176
131 74
67 221
131 45
38 70
138 191
215 123
32 151
168 181
52 211
20 222
56 68
53 212
89 35
164 121
164 46
151 203
55 126
140 84
118 168
117 4
38 58
201 44
191 28
28 125
30 221
49 211
221 24
109 59
216 204
132 107
95 93
145 53
191 161
12 78
105 162
59 176
40 217
71 51
137 14
110 37
167 47
55 148
140 184
189 18
5 139
166 184
50 45
47 194
182 137
165 81
72 32
95 118
133 173
90 218
111 118
13 176
81 208
42 85
153 199
108 209
1 117
115 14
184 3
46 23
209 156
197 50
4 109
110 119
84 72
184 11
183 66
112 113
164 54
81 17
50 23
155 199
50 214
140 32
58 91
6 82
134 199
81 76
40 27
36 93
216 98
68 49
221 175
145 16
80 91
192 54
88 182
124 45
212 124
202 86
46 69
64 85
70 78
93 97
53 50
222 154
26 81
219 152
189 192
22 32
29 72
142 109
196 101
105 129
184 79
192 50
172 72
26 5
27 67
86 36
80 167
177 161
42 170
142 109
170 115
145 222
89 124
217 107
120 113
60 97
216 162
140 131
180 60
154 194
89 33
10 4
163 72
145 194
203 21
16 11
81 147
149 109
6 195
163 11
41 162
97 149
190 37
218 120
2 189
145 194
34 46
113 163
22 113
71 12
26 150
5 148
187 146
30 48
136 151
133 201
74 25
40 175
76 174
204 164
50 84
14 160
175 6
159 109
142 214
5 219
47 196
184 54
76 146
171 8
204 130
168 36
94 135
185 185
113 105
131 54
59 62
142 144
186 54
97 46
196 190
2 22
168 39
21 124
158 104
46 210
76 38
73 125
18 161
2 57
176 26
27 82
213 61
191 127
179 216
169 34
128 152
144 148
159 175
206 200
174 18
137 18
9 167
189 139
0 178
28 101
170 39
215 167
186 66
161 27
170 213
171 145
98 61
214 143
119 78
32 205
77 102
126 53
190 33
168 199
91 51
198 24
94 17
77 114
24 1
130 126
78 99
86 27
161 212
148 180
189 78
48 164
28 129
127 82
137 196
108 118
116 0
29 167
201 67
73 83
125 185
47 170
2 216
203 67
89 169
9 136
60 114
174 33
185 201
57 32
202 187
45 89
60 169
112 115
160 8
25 147
51 8
87 109
193 71
78 51
144 139
142 109
39 181
39 199
80 155
73 62
87 200
123 219
45 76
91 61
207 136
121 147
220 154
21 157
58 75
87 183
160 57
194 152
194 220
158 89
111 156
7 29
23 129
202 36
41 88
119 143
34 71
154 187
112 153
112 140
75 219
30 57
165 56
34 142
43 102
187 180
73 190
53 31
39 222
169 105
192 50
61 97
27 195
101 191
172 94
206 20
36 215
154 158
159 193
57 105
222 28
137 212
101 187
223 17
61 128
181 0
204 129
143 115
183 117
215 177
208 102
12 30
60 68
223 56
198 214
114 60
166 146
200 143
129 36
2 221
48 138
163 54
218 69
200 49
218 155
34 15
63 99
86 211
82 196
43 65
173 126
11 188
150 63
75 222
43 187
194 132
80 98
85 199
98 153
62 195
211 97
123 90
168 0
209 44
191 134
27 18
197 211
58 119
98 56
79 219
61 16
116 93
177 72
144 197
84 74
175 193
196 31
160 53
0 179
129 197
7 89
164 30
219 122
57 70
168 129
176 107
29 127
222 140
177 165
205 195
22 0
24 56
125 203
22 99
210 186
28 182
63 186
157 4
34 220
151 110
149 100
193 137
70 137
204 52
222 126
3 82
2 109
146 223
69 63
142 32
159 67
156 66
27 159
142 108
93 132
123 176
123 176
137 192
158 207
160 161
32 218
91 138
43 200
24 4
13 46
55 97
214 187
216 71
74 29
96 129
64 219
81 180
132 167
172 30
103 41
69 106
6 170
186 53
65 117
150 89
156 166
30 206
209 39
204 168
35 23
9 147
8 27
36 51
20 179
121 183
15 82
137 212
187 199
23 67
133 175
49 14
59 17
9 71
52 208
170 36
104 55
102 188
107 55
149 114
179 199
84 148
68 180
130 9
11 213
77 147
75 162
163 173
216 28
53 42
23 110
62 152
137 112
179 70
192 110
67 117
31 194
156 99
10 216
38 109
96 161
24 91
163 36
111 7
67 168
104 145
47 147
129 123
98 83
49 198
37 101
21 119
33 106
136 162
19 54
118 6
66 101
48 222
26 130
81 135
160 30
3 104
220 24
31 205
127 144
59 27
173 213
134 109
120 31
45 191
125 47
129 18
21 85
151 11
167 127
72 196
101 96
59 103
6 97
26 183
151 56
10 66
8 51
9 88
7 104
74 56
183 182
89 80
209 12
147 44
11 82
105 136
9 8
14 148
66 170
9 70
146 147
170 174
109 106
105 190
98 88
11 199
34 106
5 125
174 44
76 21
126 87
118 194
177 26
172 22
47 68
130 42
120 152
5 16
126 77
206 7
134 50
188 102
106 222
198 37
182 145
48 39
177 59
75 212
173 48
10 108
40 66
188 133
198 103
177 14
65 49
68 188
62 113
13 175
191 145
9 194
209 166
183 193
75 58
6 201
20 0
147 31
38 146
124 157
27 70
6 143
223 198
130 177
60 119
106 36
59 14
97 28
75 207
80 25
182 35
122 178
96 165
102 61
194 138
47 79
182 130
75 51
6 42
60 92
174 147
39 98
216 214
214 205
119 109
114 122
201 195
115 72
160 186
141 6
43 68
95 93
69 180
94 47
26 184
147 208
21 75
158 94
97 190
26 179
30 87
84 197
113 82
50 125
165 223
69 126
197 147
14 187
189 57
166 1
72 107
10 138
223 62
209 134
122 90
187 118
163 49
153 206
181 24
218 112
149 97
200 138
212 174
165 14
119 55
61 47
172 178
119 179
183 29
221 199
219 141
137 135
83 222
11 163
221 178
46 87
155 183
146 165
33 162
4 190
88 106
72 84
11 64
207 70
118 213
63 108
200 49
121 124
188 45
183 190
53 77
110 149
216 171
75 147
222 2
6 198
193 164
51 162
175 189
107 213
170 59
7 26
215 171
142 151
150 176
59 124
24 195
11 133
72 2
41 89
44 164
89 146
219 14
193 156
209 211
90 17
87 113
195 191
24 201
172 62
213 80
31 73
79 36
36 60
100 180
10 205
223 30
115 73
169 153
81 212
102 6
37 205
222 18
185 219
55 15
209 143
71 26
63 125
40 94
181 18
114 30
171 110
149 111
5 134
60 195
33 203
62 26
192 76
41 168
113 106
76 180
84 53
195 215
14 122
172 69
10 40
1 59
97 165
45 27
53 109
164 71
185 50
26 31
180 74
72 188
202 76
77 193
40 2
21 159
87 4
172 79
171 99
12 211
121 157
209 88
101 164
8 81
37 97
5 69
208 191
69 182
217 6
205 180
143 101
58 97
37 16
181 124
211 218
89 113
174 103
129 108
197 0
27 99
54 176
66 181
32 149
87 117
86 57
175 117
147 173
12 130
220 179
189 131
141 221
74 183
165 28
94 21
13 94
223 67
117 140
181 114
59 21
40 112
152 118
186 51
161 90
14 95
52 131
10 185
152 149
41 109
216 61
136 32
197 179
27 2
40 88
199 1
5 136
21 58
191 49
156 147
124 193
91 127
27 200
106 32
216 175
9 166
57 159
39 150
15 38
49 155
163 215
17 148
92 210
101 144
176 56
104 150
82 215
91 138
41 176
159 137
111 131
99 147
53 17
130 196
25 169
65 117
29 4
114 174
201 74
51 223
24 67
49 189
65 11
117 1
26 14
134 41
186 5
186 87
169 147
166 192
48 218
217 33
136 138
179 31
142 32
9 212
1 202
154 118
219 180
94 211
198 58
173 208
70 113
216 121
2 119
141 97
74 85
119 175
195 209
131 9
7 195
68 98
48 40
42 113
45 197
106 179
164 155
71 155
197 85
78 63
36 161
200 76
119 165
82 135
33 24
128 179
12 14
115 166
108 71
81 88
210 91
136 67
94 8
222 6
37 39
168 164
77 33
210 116
172 73
161 222
136 171
108 48
142 131
33 98
99 170
143 111
129 107
187 31
169 72
25 204
59 214
148 5
199 33
206 48
154 90
64 25
11 207
176 37
154 99
125 132
218 199
20 109
20 24
49 207
182 27
197 79
36 161
72 56
142 74
156 92
164 172
180 44
158 120
56 84
208 223
27 164
198 171
2 91
119 176
55 131
65 2
170 187
120 66
190 214
169 120
179 89
147 145
126 199
184 92
141 24
97 164
46 121
71 188
211 22
213 41
117 0
222 158
43 20
97 135
10 104
59 17
51 168
3 27
209 153
118 43
173 218
125 156
169 56
58 194
85 20
166 57
18 158
198 170
54 210
13 70
78 222
146 24
28 19
180 1
9 180
223 32
76 207
153 74
18 66
10 2
93 79
202 118
1 185
49 47
173 62
11 129
51 39
94 100
154 76
157 45
205 123
46 173
90 177
5 70
6 50
128 180
191 68
212 107
61 49
111 58
108 54
187 110
19 33
68 166
63 15
42 223
91 105
39 16
4 100
45 179
84 192
75 176
32 79
196 99
196 24
0 13
57 1
81 100
72 108
73 10
89 111
191 15
164 171
152 23
221 140
139 118
66 93
188 144
55 9
161 5
197 44
124 21
71 42
115 43
30 12
107 20
90 97
89 97
33 122
40 167
126 135
151 160
66 210
178 191
78 77
148 213
70 56
39 61
92 84
1 25
4 157
20 123
102 170
6 40
32 62
135 210
108 191
46 28
159 79
49 171
90 123
172 107
115 95
192 206
14 45
219 45
49 83
63 161
130 58
182 113
188 35
51 53
49 42
113 111
217 126
113 26
173 149
61 183
138 138
185 91
40 33
42 30
103 95
50 28
99 116
200 114
147 0
68 176
165 46
212 157
107 106
120 209
9 35
58 23
155 116
144 44
5 41
219 214
52 79
86 196
61 174
36 72
173 169
199 80
133 26
210 99
144 122
146 111
176 173
198 89
180 27
111 51
39 169
154 139
96 98
15 215
128 107
137 71
199 69
122 192
124 77
76 66
181 196
1 187
178 133
33 106
172 97
2 84
202 171
223 42
215 103
136 5
9 1
37 44
148 14
34 35
62 197
95 202
206 11
194 199
215 122
50 125
54 14
70 147
129 56
120 2
212 172
63 160
208 15
97 198
217 74
176 150
85 126
144 77
210 161
24 39
173 201
41 17
2 190
185 150
163 128
108 74
200 219
55 152
63 219
118 82
162 198
33 118
132 155
127 145
117 1
210 38
95 180
142 194
41 122
90 214
117 141
29 64
70 141
207 102
166 166
205 190
215 189
223 44
38 28
32 221
116 0
161 196
73 203
203 219
188 152
209 211
204 156
29 221
70 12
97 161
8 26
73 214
148 98
147 24
210 19
75 77
126 10
43 43
49 97
22 163
121 223
211 67
28 194
206 211
146 121
104 3
115 77
125 65
86 80
163 33
137 95
99 78
168 181
57 179
197 115
191 105
98 65
47 85
34 122
4 195
108 29
60 60
158 5
173 97
60 175
123 61
107 120
57 33
199 107
83 51
65 140
3 161
204 86
163 135
13 10
14 131
138 221
149 76
42 138
2 23
70 119
94 167
116 134
78 146
183 63
41 49
3 138
64 76
55 220
110 51
140 170
153 107
128 221
175 109
71 178
67 104
100 204
184 169
12 213
163 198
69 223
173 117
13 137
221 201
114 135
82 57
60 51
163 182
127 9
49 75
196 108
76 210
215 122
80 37
116 100
12 92
85 51
92 11
172 150
144 121
149 166
108 74
6 19
70 81
184 160
179 87
112 77
223 110
209 55
202 3
75 18
111 195
49 159
161 192
195 191
114 103
149 214
14 45
175 207
127 209
74 220
123 64
72 183
169 71
144 30
112 29
33 15
69 92
45 139
159 18
114 22
87 196
48 35
23 72
90 61
115 134
165 126
13 146
215 217
104 2
98 30
184 223
21 221
68 75
190 88
135 14
193 25
156 105
65 142
180 197
99 152
186 51
71 26
163 131
166 91
197 223
5 74
0 215
31 41
91 194
130 29
83 36
48 12
156 38
41 135
132 68
105 147
2 209
153 68
172 203
181 69
45 186
194 12
72 94
221 88
201 188
136 136
188 108
188 10
186 17
72 138
102 54
187 198
35 180
104 44
41 211
21 223
189 145
50 42
149 137
14 56
200 107
149 71
51 170
162 28
200 107
130 52
37 154
62 16
95 131
151 20
192 83
201 218
69 27
210 83
92 200
40 109
54 92
67 157
214 42
129 204
113 219
133 175
146 70
215 12
152 154
28 166
195 214
141 89
112 88
185 214
64 68
68 112
194 97
211 207
173 181
185 163
28 129
79 30
61 127
31 23
119 76
17 192
47 16
127 163
191 189
91 218
149 136
182 161
212 133
218 214
79 111
202 77
47 73
74 189
167 141
109 185
170 27
92 63
186 206
89 15
108 206
150 152
122 76
59 134
41 74
24 96
92 192
128 126
10 99
184 93
88 98
20 29
14 195
140 177
145 74
159 0
194 106
28 201
205 219
89 60
5 26
187 162
60 208
131 52
36 25
119 0
110 219
36 221
60 25
106 51
64 4
31 112
1 112
42 100
94 206
211 148
167 175
18 50
170 117
151 218
25 222
13 189
39 110
43 115
73 109
185 187
172 108
50 133
32 17
0 164
192 102
23 60
160 194
119 6
119 152
180 189
107 123
219 169
220 17
67 172
207 145
85 44
194 126
214 56
211 125
98 186
200 74
75 135
164 27
37 23
171 201
21 219
206 36
95 136
49 127
142 40
104 110
131 13
214 106
212 164
108 186
215 137
9 1
2 32
26 91
135 213
169 11
48 128
31 69
66 126
101 10
37 209
56 11
146 116
39 116
182 30
153 145
109 45
135 18
166 66
21 192
157 26
34 96
176 101
191 129
24 16
45 34
67 126
188 71
180 80
55 64
22 77
187 129
51 219
214 173
139 170
104 161
74 53
163 20
129 3
43 186
87 13
184 147
159 189
193 83
162 155
164 193
166 25
168 122
145 13
44 66
1 67
205 219
155 17
13 147
175 118
36 139
176 99
12 199
40 121
160 70
131 169
14 25
148 98
109 148
207 94
180 221
121 118
150 213
14 149
182 75
81 33
61 84
175 39
2 30
143 151
126 39
65 127
49 37
218 63
141 156
223 151
102 98
194 154
134 164
97 195
55 104
180 122
126 110
171 101
31 91
145 82
59 98
110 128
92 166
51 97
1 30
111 25
154 60
50 150
10 184
74 2
0 34
81 75
106 193
88 199
127 203
60 100
118 70
114 103
79 122
199 38
130 47
72 8
104 63
166 160
70 159
80 187
2 149
57 210
185 12
157 203
164 116
52 114
12 179
148 195
218 175
11 21
172 81
40 10
199 179
217 58
3 73
22 115
99 155
183 98
37 149
206 2
50 61
146 199
134 99
138 198
217 8
69 186
105 82
158 160
88 185
126 217
7 125
58 176
190 206
90 108
117 1
104 215
150 211
148 49
80 199
126 142
210 160
30 218
4 74
203 168
89 142
30 142
171 136
216 39
36 108
115 180
51 23
167 58
170 117
167 17
75 83
218 172
89 76
109 62
157 204
50 97
164 40
35 132
99 195
94 194
211 157
138 52
15 56
106 41
13 81
46 164
55 10
70 176
74 185
116 170
209 217
150 201
101 213
69 41
111 103
6 121
112 12
131 13
93 95
80 135
211 173
150 100
167 166
149 23
40 90
48 192
76 101
163 185
63 18
159 1
22 13
73 59
21 135
223 78
41 186
100 135
137 196
164 72
68 215
112 100
167 204
98 30
200 86
33 57
216 171
93 136
175 154
125 151
162 43
161 160
187 56
198 102
129 26
221 30
58 63
181 166
69 87
161 27
189 115
169 43
205 82
222 158
162 10
52 120
178 174
88 1
52 205
102 93
198 163
93 91
65 40
154 213
107 50
37 20
29 169
133 120
131 185
53 166
6 169
208 141
127 115
41 142
189 128
119 199
205 130
0 157
129 88
41 135
21 161
110 18
170 156
171 81
151 123
44 52
77 124
12 22
197 62
168 166
144 147
71 222
26 20
115 91
42 68
169 111
188 141
11 101
182 43
175 22
37 72
120 144
17 51
189 0
83 76
75 14
171 158
124 174
185 201
64 67
151 177
166 62
208 102
11 97
41 190
94 15
145 58
73 93
215 71
189 95
168 118
95 206
197 63
193 4
146 167
64 116
132 114
10 27
75 53
164 25
10 113
176 86
13 54
21 166
209 109
147 8
149 99
140 173
129 58
6 93
95 220
147 191
212 151
59 135
14 71
96 132
171 88
131 177
218 65
181 198
208 161
48 133
208 29
53 71
7 183
20 197
8 20
157 122
40 209
32 148
90 104
202 169
154 113
113 140
97 39
3 5
221 147
46 207
48 20
42 23
23 97
96 174
162 70
184 4
192 210
209 12
149 201
197 125
183 148
8 59
180 171
109 137
105 99
28 74
2 41
32 132
137 163
79 212
143 221
144 39
166 28
216 137
159 31
139 199
83 166
214 90
208 7
221 87
115 70
187 210
168 73
165 80
215 28
78 65
137 31
212 27
188 156
101 186
122 37
23 23
126 170
223 69
193 112
111 122
59 99
130 51
25 117
5 76
1 49
68 0
124 26
16 162
14 88
49 105
173 56
181 54
18 212
28 102
188 37
104 61
130 198
17 141
168 197
204 137
54 209
208 3
173 207
99 147
186 201
48 97
27 47
189 26
162 137
132 57
67 100
170 30
66 99
97 68
116 56
169 41
65 139
39 46
81 191
59 133
223 80
13 106
197 89
139 50
186 208
13 129
1 63
74 84
220 47
79 122
164 44
36 82
163 141
16 129
99 37
99 71
192 139
82 150
10 118
175 188
219 143
193 12
110 211
207 148
25 36
221 147
52 107
36 79
13 108
209 95
169 88
100 144
116 167
120 108
78 96
86 80
124 45
79 79
94 184
134 72
221 189
196 2
8 79
108 218
32 146
46 102
173 136
108 29
183 16
194 133
124 87
60 170
196 142
223 179
138 146
120 11
9 7
153 146
72 104
73 45
156 91
220 120
119 32
78 185
142 117
137 90
101 153
124 124
106 93
42 53
166 105
65 79
10 19
107 62
63 140
16 158
32 136
115 213
132 34
214 79
32 152
137 70
116 113
190 73
148 127
172 147
49 160
72 151
196 142
55 184
143 142
22 36
151 132
34 8
7 31
109 178
15 195
48 184
155 102
118 33
34 31
184 13
113 67
220 98
27 28
128 216
131 162
19 159
110 159
80 8
166 164
192 41
35 27
98 45
208 10
159 146
70 170
69 123
49 213
222 15
184 79
108 56
147 12
68 203
196 209
205 205
92 100
14 85
195 153
162 107
154 98
128 149
93 155
57 131
28 189
83 217
133 95
123 177
167 170
209 160
10 1
22 141
188 144
75 105
40 221
9 46
43 114
171 153
174 32
75 138
200 5
180 201
42 66
40 191
39 3
65 19
206 65
215 166
101 53
104 62
61 52
168 211
199 45
18 90
191 141
222 44
172 116
90 92
150 108
171 5
42 167
147 155
81 78
130 144
69 70
103 179
24 161
131 148
182 143
95 213
188 84
89 170
63 71
99 20
22 190
140 163
65 196
178 68
171 209
89 204
188 198
194 65
77 33
105 125
71 212
197 222
23 202
214 105
117 127
47 173
88 159
148 33
109 210
53 150
142 159
115 16
153 33
116 210
197 170
78 130
97 158
113 140
83 193
97 116
32 40
7 131
28 84
78 80
145 144
83 169
12 63
0 16
7 74
129 184
132 72
210 17
48 109
68 150
0 68
139 12
183 143
180 28
198 219
60 220
52 155
112 20
121 60
69 186
83 209
32 176
121 5
0 29
119 218
27 2
203 143
161 100
61 87
113 2
132 43
182 194
213 221
220 66
172 204
152 201
125 61
186 146
208 195
103 197
188 3
38 70
43 207
218 121
119 192
15 217
114 149
75 183
76 158
208 35
139 133
205 102
73 8
169 187
43 24
64 197
27 193
213 213
89 46
75 171
167 44
105 208
23 120
100 222
70 205
99 195
2 123
116 42
15 159
136 82
83 42
122 219
30 72
165 1
219 49
122 119
175 95
10 196
9 148
52 97
135 143
30 38
81 220
114 122
190 70
90 184
184 218
186 29
76 223
175 47
15 46
79 96
184 149
2 145
163 127
178 79
213 136
205 77
100 85
167 189
59 150
19 205
2 85
151 72
183 187
14 188
39 78
48 45
26 219
47 119
72 164
91 76
28 97
17 113
12 2
65 93
51 146
112 132
199 136
15 51
195 40
40 216
8 60
129 83
49 186
158 81
47 223
219 15
58 155
47 77
60 166
130 129
200 16
39 121
55 19
189 55
110 57
142 88
210 50
60 104
73 4
14 3
51 212
14 9
133 95
183 23
74 205
104 190
206 6
176 48
147 95
95 145
131 100
122 195
32 163
156 15
5 190
92 147
189 13
203 197
160 7
16 59
19 131
130 113
193 200
207 175
219 46
92 107
82 130
182 152
178 76
67 96
150 29
140 160
213 81
34 180
145 91
179 113
15 178
54 119
12 214
11 108
75 175
213 156
118 104
129 190
81 156
203 22
48 66
215 12
49 78
47 60
69 175
162 141
0 116
26 1
127 101
26 162
129 183
194 90
49 197
84 73
124 118
194 114
163 83
133 217
4 215
128 176
167 147
140 88
101 13
76 74
138 155
165 61
150 176
66 218
5 16
223 116
154 168
114 221
68 84
88 28
123 221
194 79
176 125
4 154
81 218
222 26
85 203
6 171
175 105
77 114
89 168
140 37
47 62
134 219
139 48
205 12
45 14
147 216
88 12
193 207
107 134
121 69
53 10
37 142
95 114
84 170
154 89
54 1
143 134
74 182
156 104
117 143
74 72
72 1
36 222
98 111
50 27
29 144
32 123
31 12
135 74
150 12
203 2
143 84
103 97
28 218
26 210
84 137
195 29
49 96
117 124
96 17
45 72
136 201
176 43
73 38
178 4
132 190
155 178
159 62
43 13
65 179
76 24
50 75
142 126
146 107
149 48
195 39
165 41
53 115
89 7
150 194
13 4
138 86
178 124
93 100
216 214
3 21
11 207
153 38
131 14
68 134
21 35
52 105
190 123
27 121
163 73
96 195
51 142
91 4
116 21
89 212
94 65
40 88
28 47
164 57
143 160
33 223
177 72
203 107
56 53
59 150
56 89
76 176
21 207
164 143
146 165
81 4
70 88
182 184
203 193
128 3
65 8
26 26
164 78
151 198
194 221
173 114
206 94
189 115
65 177
54 133
138 153
218 86
175 77
100 127
55 158
130 26
213 152
54 136
119 171
67 116
63 2
62 174
143 14
158 66
63 37
5 0
121 128
177 89
190 175
73 218
150 58
161 10
132 87
188 129
131 101
177 219
162 86
78 146
11 31
13 74
70 204
162 40
161 8
83 167
88 162
206 98
193 9
70 160
134 31
220 175
45 95
143 44
196 119
13 214
59 219
162 107
163 26
11 205
113 24
0 3
210 153
88 85
32 68
8 211
163 11
122 103
44 39
107 166
123 8
108 47
127 206
185 15
96 74
98 52
39 55
7 44
157 135
16 72
12 22
146 175
25 41
150 214
95 171
151 115
126 82
134 19
155 34
96 92
126 149
101 49
144 16
128 72
223 174
124 200
1 61
43 85
42 157
149 69
105 69
203 156
201 39
64 208
100 152
79 213
139 43
188 61
84 53
80 63
158 68
214 48
127 3
118 9
48 48
185 48
101 36
117 41
66 204
11 142
43 8
14 190
201 1
107 10
36 200
222 180
13 65
9 193
190 22
123 176
162 1
111 134
83 193
171 93
220 65
182 114
77 27
51 112
115 3
98 211
158 112
211 117
19 166
115 0
187 222
32 9
26 18
88 45
11 133
223 100
218 6
164 77
223 99
197 221
141 134
50 213
78 153
48 92
48 120
107 108
81 204
71 151
101 19
27 205
3 67
189 78
57 195
11 204
71 150
42 35
201 36
22 23
80 196
188 213
218 149
216 149
125 84
51 104
140 208
154 141
67 37
8 84
79 203
45 61
100 99
214 183
0 76
202 205
112 144
110 92
43 53
48 84
190 204
57 95
3 76
46 170
51 27
47 220
183 193
208 89
45 53
57 19
142 203
157 13
110 74
223 49
0 99
177 95
131 72
35 176
154 144
108 49
185 193
50 64
103 76
201 171
101 178
118 216
20 80
5 138
65 21
20 122
92 11
92 150
106 175
77 186
80 146
168 210
23 218
74 108
193 155
11 104
6 198
22 194
106 181
130 167
158 61
9 123
